11010001001001000111100000011000
00101011110111100011111010010011
11000000101100110100101000100000
00100010111101010111101110010100
01101111011000110001100100110011
01110001101100100111010111001001
01001100010111011010001001011111
11010101100110011011111100100010
11001010000010000111001110000101
00000101100110011111011100011000
11010110110000000111000110100010
10101010111001110010101010111111
00100111110010010111011011000111
10011011101101100010011101001011
00011110011110010110111011001001
10001000010000000111100101100000
