101100001001001001001010010100100000011111100010
101000000001101011010010010101001111000111000110
001101000111001001010000001001001000010011101101
000001100101010101010000110010101011110011000011
010011100100000101010101001011101100011100111001
000011111100000100001001000110110101110101000010
000010110000000110101011110011001100000100110000
101110010000100010001001110000010110111001001100
000110010001100010001010010000011001111001010001
001100000010100011001100100110111010010000111100
000100000110110000000100001010010101111110000100
010000000010110100110100000110000110000010110111
110001001010010000100101111001110100100010000101
110000111000011000100010100000100010001111011011
111010001001001010100010101101111001001100000101
101000011001001000100010001011110000001001001110
